<?xml version="1.0" standalone="no"?>
<!DOCTYPE svg PUBLIC "-//W3C//DTD SVG 20010904//EN"
 "http://www.w3.org/TR/2001/REC-SVG-20010904/DTD/svg10.dtd">
<svg version="1.0" xmlns="http://www.w3.org/2000/svg"
 width="700.000000pt" height="700.000000pt" viewBox="0 0 700.000000 700.000000"
 preserveAspectRatio="xMidYMid meet">
<metadata>
Created by potrace 1.16, written by Peter Selinger 2001-2019
</metadata>
<g transform="translate(0.000000,700.000000) scale(0.100000,-0.100000)"
fill="#000000" stroke="none">
<path d="M4180 4133 c-37 -14 -61 -47 -58 -81 l3 -34 -90 -23 c-175 -44 -311
-114 -420 -217 -64 -59 -65 -60 -100 -48 -78 26 -145 -16 -145 -91 0 -42 34
-90 81 -115 20 -10 29 -22 29 -39 0 -35 62 -100 124 -129 180 -85 450 -97 775
-35 191 37 379 110 461 179 44 37 30 38 -56 1 -231 -98 -525 -148 -799 -138
-163 7 -248 23 -324 62 -94 47 -106 106 -42 196 47 65 104 107 215 160 130 60
195 73 386 74 187 0 286 -16 409 -67 177 -74 321 -210 321 -304 0 -75 -114
-212 -225 -271 -144 -75 -302 -106 -560 -107 -251 -1 -400 30 -540 115 -75 45
-164 143 -204 224 -18 36 -35 65 -38 65 -3 0 -3 -57 0 -127 9 -212 65 -342
205 -481 231 -227 765 -279 1117 -107 301 147 441 440 343 721 l-25 71 30 33
c26 29 29 38 24 78 -9 81 -92 126 -164 89 -29 -16 -31 -15 -54 10 -88 94 -266
181 -436 214 -61 11 -62 12 -65 47 -4 49 -52 82 -117 81 -25 0 -53 -3 -61 -6z"/>
<path d="M1285 3976 c-307 -80 -590 -256 -752 -468 -167 -218 -218 -516 -122
-719 58 -122 126 -183 244 -220 198 -62 490 12 704 177 45 34 71 49 67 38 -4
-10 -10 -37 -13 -61 -8 -56 0 -56 126 7 113 57 125 69 262 262 50 70 95 130
100 133 5 3 -6 -29 -24 -72 -49 -114 -62 -169 -62 -255 1 -97 16 -118 86 -118
93 0 191 53 312 169 l67 64 0 -55 c0 -119 78 -194 195 -185 198 15 393 262
421 533 l7 65 61 35 c89 52 166 130 166 169 0 17 -5 36 -12 43 -19 19 -107 13
-177 -11 -97 -33 -108 -72 -25 -86 21 -3 39 -11 41 -18 2 -6 -10 -28 -28 -48
l-33 -37 -12 25 c-17 31 -71 57 -122 57 -149 0 -337 -138 -438 -321 -41 -76
-102 -152 -136 -170 -17 -9 -24 -7 -41 10 -47 47 -26 227 39 334 39 64 41 90
5 95 -44 7 -87 -8 -177 -59 -109 -62 -156 -106 -241 -226 -37 -51 -67 -93 -69
-93 -5 0 46 113 102 224 111 219 238 409 348 518 38 38 66 71 63 74 -15 15
-292 -74 -398 -127 -30 -15 -67 -43 -81 -61 -50 -66 -155 -299 -208 -463 -51
-158 -109 -233 -215 -280 -88 -39 -168 -55 -274 -55 -83 0 -100 3 -156 30 -73
35 -127 90 -163 169 -23 48 -27 73 -30 174 -4 105 -1 127 22 200 30 96 102
224 169 302 97 111 252 194 362 195 53 0 95 -8 95 -19 0 -3 -33 -24 -73 -46
-101 -56 -227 -181 -266 -265 -49 -104 -36 -198 33 -242 26 -16 45 -19 113
-15 69 3 93 9 155 40 143 70 264 195 336 345 66 139 51 266 -37 311 -58 30
-195 28 -316 -3z m153 -187 c23 -43 10 -150 -28 -225 -65 -128 -205 -248 -247
-212 -12 9 -14 26 -10 71 10 107 125 307 214 370 43 31 53 30 71 -4z m1375
-549 c-3 -153 -143 -406 -198 -360 -33 28 -12 187 37 284 30 59 117 148 142
144 19 -3 21 -9 19 -68z"/>
<path d="M6400 3688 c-44 -66 -143 -147 -237 -195 -52 -25 -73 -42 -73 -55 0
-52 78 -32 202 52 l100 68 58 -59 c32 -32 64 -59 72 -59 14 0 118 100 118 114
0 4 -11 6 -24 4 -14 -2 -38 7 -55 19 -41 31 -91 106 -91 137 0 44 -32 32 -70
-26z"/>
<path d="M6258 3361 c-107 -42 -213 -145 -307 -298 -62 -101 -113 -157 -135
-150 -6 2 -17 15 -24 30 -31 64 39 256 125 342 74 74 33 81 -142 22 -119 -39
-127 -47 -226 -193 -107 -159 -166 -226 -179 -205 -21 35 93 290 161 360 62
65 51 79 -46 56 -106 -24 -212 -73 -239 -109 -13 -17 -44 -74 -69 -126 -63
-135 -162 -240 -227 -240 -34 0 -70 -34 -70 -65 0 -22 4 -25 38 -25 45 0 68
14 150 94 l62 60 0 -72 c0 -114 28 -152 112 -152 57 0 106 34 150 102 128 200
138 214 130 178 -12 -57 -8 -183 7 -218 42 -99 185 -75 293 50 l52 59 12 -57
c8 -44 19 -64 43 -86 28 -25 39 -28 100 -28 92 0 164 36 263 134 79 78 181
219 176 244 -6 31 -28 22 -66 -30 -53 -72 -103 -115 -151 -129 -34 -10 -44 -9
-66 5 -14 9 -30 28 -35 42 -13 34 -13 74 1 74 22 0 131 73 190 128 129 119
133 223 9 222 -25 -1 -66 -9 -92 -19z"/>
<path d="M2359 2591 c-52 -54 -66 -102 -33 -115 44 -17 179 54 190 100 11 41
-6 59 -61 62 -46 3 -50 1 -96 -47z"/>
</g>
</svg>
